13.5,0
12.07,0.0782008171082
10.87,0.150691986084
10.87,0.223274946213
10.72,0.296177864075
10.72,0.369583845139
10.72,0.447565793991
8.34,0.530906915665
7.22,0.609373807907
4.82,0.685623884201
2.41,0.770994901657
0.0,0.847768783569
-2.41,0.922107934952
-4.83,0.99680685997
-6.04,1.07033991814
-8.52,1.14451479912
-9.74,1.22061800957
-10.95,1.29435300827
-10.95,1.36776995659
-11.1,1.44154977798
-11.1,1.51804590225
-11.1,1.59566879272
-9.87,1.67219281197
-11.4,1.76675081253
-8.87,1.84147381783
-7.6,1.91466498375
-7.6,1.98903083801
-6.33,2.06391000748
-6.45,2.13723087311
-5.16,2.21144485474
-3.87,2.28579187393
-3.87,2.3594648838
-2.7,2.4345369339
-2.7,2.50893092155
-2.7,2.58843588829
-1.33,2.68616390228
-1.33,2.7640337944
-1.33,2.84017896652
0.0,2.92994999886
0.0,3.00957489014
0.0,3.08238983154
0.0,3.15653300285
1.35,3.23118185997
1.32,3.30642294884
0.0,3.37986278534
0.0,3.4534778595
1.32,3.52739596367
1.3,3.60162496567
1.3,3.67656779289
1.3,3.75123381615
1.27,3.84459900856
1.27,3.92051696777
1.27,3.99717187881
1.27,4.07128095627
1.27,4.14426994324
1.27,4.21848678589
1.27,4.2935988903
1.27,4.36608695984
1.28,4.43914079666
0.0,4.51229596138
1.28,4.59224390984
0.0,4.66653084755
0.0,4.74134778976
0.0,4.82626199722
0.0,4.90252590179
0.0,4.97988295555
-1.3,5.07904982567
-1.3,5.15831589699
-1.3,5.23461079597
-1.3,5.31286287308
-1.35,5.39216184616
-1.35,5.46500992775
-1.35,5.53984379768
-1.35,5.61638689041
-1.32,5.69097685814
-1.32,5.76431083679
-1.32,5.84201598167
-2.63,5.91681981087
-2.63,5.99173998833
-3.94,6.06908392906
-2.63,6.1520178318
-5.28,6.2316339016
-3.96,6.31222701073
-3.96,6.38637495041
-3.96,6.45909881592
-3.96,6.53203082085
-3.98,6.60503482819
-3.98,6.67770600319
-2.65,6.75104093552
-2.65,6.82412695885
-1.32,6.89786601067
-1.32,6.98159384727
-1.32,7.0613758564
-1.32,7.14366793633
-1.32,7.23991084099
-1.32,7.318338871
-1.32,7.40023589134
0.0,7.48147082329
0.0,7.55990982056
-1.3,7.63368201256
-1.3,7.7143778801
0.0,7.78917384148
-1.3,7.86377286911
-1.3,7.94012498856
0.0,8.01434397697
0.0,8.08827590942
-1.3,8.16184878349
0.0,8.23590183258
0.0,8.31353092194
0.0,8.41202783585
0.0,8.48497080803
0.0,8.55817079544
0.0,8.63063597679
0.0,8.70456194878
0.0,8.77869582176
0.0,8.85333180428
0.0,8.92736196518
0.0,9.00331878662
0.0,9.0867228508
-1.32,9.16173100471
-1.32,9.24514389038
-1.33,9.32016181946
-2.66,9.39483594894
-2.66,9.46730399132
-2.66,9.54061198235
-4.03,9.61325287819
-4.03,9.68616580963
-4.03,9.75903081894
-4.03,9.83193182945
-5.37,9.90458679199
-4.13,9.97765398026
-5.5,10.0522449017
-5.5,10.1290528774
-5.5,10.206152916
-5.58,10.2831299305
-5.58,10.355894804
-4.18,10.4286530018
-4.15,10.5025498867
-4.15,10.5760807991
-4.15,10.6488389969
-2.77,10.7278549671
-2.76,10.8034758568
-2.76,10.8768208027
-2.76,10.9503479004
-2.76,11.024630785
-2.7,11.1013050079
-2.7,11.1757938862
-1.35,11.2493720055
-1.35,11.3239088058
-1.32,11.3986549377
-1.32,11.4713509083
-1.32,11.5439999104
-1.32,11.6171247959
-1.3,11.6975679398
-1.3,11.7705068588
-1.3,11.8444988728
0.0,11.92085886
-1.29,11.9959349632
0.0,12.0689928532
0.0,12.1447238922
0.0,12.2181658745
0.0,12.2912409306
-1.28,12.363765955
-1.28,12.4362659454
0.0,12.5087769032
-1.28,12.5838329792
-1.28,12.6564328671
-1.28,12.7373478413
-1.28,12.8134768009
-1.28,12.8913807869
-1.28,12.9674749374
-1.28,13.0459988117
0.0,13.1214439869
0.0,13.2049899101
0.0,13.2803328037
0.0,13.3526678085
0.0,13.425650835
0.0,13.498156786
0.0,13.5706858635
0.0,13.6435627937
0.0,13.7170088291
0.0,13.7901239395
-1.26,13.8636808395
-1.26,13.9372708797
-1.26,14.0107138157
-2.51,14.0868117809
-2.51,14.1598777771
-2.51,14.2329638004
-2.51,14.3059208393
-2.51,14.3791329861
-2.47,14.4526338577
-2.47,14.5264949799
-2.47,14.6000068188
-2.47,14.6734509468
-2.41,14.7465229034
-2.41,14.8211348057
-3.62,14.9106068611
-2.41,14.9872879982
-2.34,15.071105957
-2.34,15.1465528011
-4.68,15.2195949554
-3.51,15.292924881
-3.45,15.3683588505
-3.45,15.4412648678
-3.45,15.5146160126
-4.61,15.5881929398
-4.58,15.6618318558
-3.43,15.7350008488
-3.43,15.8172578812
-3.43,15.8944749832
-2.27,15.9719059467
-1.13,16.0487968922
-1.13,16.123677969
-1.13,16.1966588497
-1.12,16.2697107792
-1.12,16.3545629978
0.0,16.4297018051
0.0,16.5049200058
0.0,16.5799808502
0.0,16.654504776
1.11,16.7349147797
1.11,16.8098018169
1.11,16.884239912
1.07,16.9608669281
1.07,17.0391759872
1.07,17.1117589474
1.07,17.1844239235
2.11,17.2644648552
1.05,17.3371868134
2.11,17.410284996
2.11,17.483787775
2.01,17.5564107895
2.01,17.6328568459
2.01,17.7170128822
2.01,17.7907319069
1.9,17.8688309193
1.9,17.9469568729
1.9,18.0198090076
1.86,18.0996379852
2.78,18.1721317768
2.78,18.2446568012
2.78,18.3172359467
2.74,18.3901548386
3.66,18.4682137966
3.66,18.5463039875
3.66,18.6314439774
3.66,18.7112848759
4.49,18.7908148766
4.49,18.8655250072
4.49,18.9421989918
4.36,19.01679492
4.36,19.0908808708
4.36,19.1664588451
5.19,19.2414360046
5.19,19.316234827
5.19,19.3927779198
5.19,19.4766027927
5.19,19.5558619499
5.11,19.6354808807
5.96,19.7152469158
5.96,19.7902197838
5.96,19.866289854
5.01,19.9427750111
5.85,20.0171918869
5.85,20.0915420055
5.85,20.1666669846
5.85,20.2423038483
6.55,20.324742794
6.55,20.401706934
6.55,20.4864139557
6.29,20.5651078224
7.08,20.6377208233
6.29,20.7114109993
7.86,20.787599802
7.34,20.8622529507
8.07,20.938546896
8.07,21.0147638321
8.07,21.088960886
7.92,21.1616699696
8.64,21.2346220016
8.64,21.3168327808
9.37,21.4028689861
9.37,21.5040898323
9.37,21.5785629749
9.37,21.6520018578
9.41,21.724834919
8.68,21.7978138924
9.41,21.8733940125
9.41,21.9493699074
9.41,22.0257179737
9.32,22.1010468006
10.04,22.1758937836
9.32,22.2545249462
9.32,22.3342378139
9.15,22.426170826
9.15,22.5008769035
9.15,22.5759170055
9.15,22.6500678062
8.89,22.723761797
8.89,22.802823782
8.89,22.8762328625
9.58,22.9503028393
9.26,23.02541399
9.26,23.1006147861
9.26,23.1825408936
9.26,23.2892959118
8.89,23.3634409904
8.89,23.4401478767
8.75,23.517788887
8.75,23.5916957855
8.75,23.6678469181
8.75,23.7424249649
8.75,23.8168439865
8.57,23.8912940025
8.57,23.965597868
8.57,24.0435090065
8.57,24.1276907921
8.2,24.2027049065
8.2,24.2846798897
8.2,24.3594298363
8.2,24.4347269535
7.83,24.5076789856
7.83,24.5802488327
7.83,24.6551749706
7.83,24.728001833
7.83,24.8009469509
7.51,24.8747630119
7.51,24.9529078007
7.51,25.0259859562
6.97,25.1058039665
6.97,25.1787939072
6.97,25.2516608238
6.97,25.3273139
7.01,25.4023709297
7.01,25.4755649567
6.47,25.5491299629
6.47,25.6286540031
6.39,25.7012488842
6.39,25.7739648819
6.39,25.8472089767
5.86,25.9220619202
5.79,25.9977519512
5.79,26.0706119537
5.26,26.1433639526
5.26,26.2159748077
4.74,26.2890048027
4.71,26.3617568016
4.71,26.4345309734
4.18,26.5071408749
3.66,26.5800409317
3.52,26.6533398628
3.52,26.7290959358
3.02,26.8073449135
2.52,26.8868010044
2.34,26.9638249874
2.34,27.0407969952
1.87,27.1231939793
1.87,27.1962018013
1.87,27.2711439133
1.79,27.3491418362
1.34,27.4219069481
1.34,27.4946699142
1.43,27.5678958893
1.43,27.6406519413
1.43,27.7136268616
1.43,27.7935299873
1.37,27.8837349415
1.37,27.9574668407
1.37,28.0302360058
1.37,28.1027448177
1.3,28.1760687828
1.3,28.2507967949
1.3,28.323584795
1.3,28.3963739872
1.21,28.469673872
1.21,28.5425667763
1.62,28.616412878
1.62,28.6926679611
1.46,28.7690389156
1.46,28.8458518982
1.83,28.9187998772
1.83,28.9917519093
1.83,29.0643517971
2.05,29.136882782
1.71,29.2105228901
1.71,29.2859869003
1.66,29.3671197891
1.66,29.4403729439
1.66,29.5174520016
1.66,29.6149058342
1.66,29.6936709881
1.6,29.7726719379
1.6,29.8509018421
1.6,29.9337818623
1.6,30.0102818012
1.28,30.0845959187
0.96,30.1579937935
0.96,30.2344908714
0.98,30.3082439899
0.65,30.3817338943
0.65,30.4597117901
0.65,30.5330398083
0.4,30.6073098183
0.4,30.68440485
0.0,30.7595338821
0.0,30.8360319138
-0.4,30.9137299061
-0.29,30.9967508316
-0.58,31.0700588226
-0.58,31.1427998543
-0.27,31.2164409161
-0.55,31.2897398472
-1.09,31.3639018536
-1.09,31.4408669472
-1.37,31.514551878
-1.52,31.5879859924
-1.77,31.6615989208
-1.77,31.7395198345
-1.77,31.8152809143
-1.75,31.8926348686
-2.0,31.9683668613
-2.25,32.052082777
-2.0,32.127737999
-2.07,32.201281786
-2.3,32.2766499519
-2.3,32.3530189991
-2.53,32.4255599976
-2.76,32.4982669353
-2.99,32.5779938698
-3.45,32.650633812
-3.68,32.7232899666
-3.85,32.7988648415
-4.06,32.8795318604
-4.28,32.9623458385
-4.7,33.0547800064
-4.89,33.1347467899
-5.3,33.2126820087
-5.91,33.2920730114
-6.53,33.369166851
-6.79,33.4445958138
-7.38,33.5183680058
-8.15,33.5922899246
-8.73,33.6666669846
-8.72,33.7407138348
-9.24,33.8145267963
-10.11,33.8936078548
-11.33,33.9703338146
-12.2,34.0472888947
-13.08,34.1469907761
-14.12,34.2229328156
-14.99,34.2972378731
-15.34,34.3713908195
-14.21,34.4456179142
-14.53,34.5195479393
-14.53,34.5936768055
-14.37,34.6705157757
-14.21,34.744768858
-14.05,34.8184278011
-13.58,34.8988728523
-13.11,34.9761059284
-13.65,35.057281971
-13.32,35.1315360069
-13.32,35.2046318054
-13.16,35.2793328762
-12.89,35.3590970039
-12.73,35.4327778816
-12.89,35.5064988136
-13.06,35.5852739811
-12.26,35.6584849358
-12.71,35.7310888767
-12.86,35.8120098114
-10.89,35.8874559402
-9.5,35.9638988972
-10.5,36.0420639515
-12.0,36.1322119236
-10.13,36.2075548172
-11.88,36.28241992
-8.97,36.3585968018
-9.08,36.4334859848
-8.97,36.5087218285
-8.87,36.5833148956
-7.24,36.6630017757
-6.83,36.7400078773
-6.83,36.8129739761
-7.34,36.88864398
-5.61,36.9646968842
-5.26,37.0446209908
-4.95,37.1218969822
-3.79,37.1969559193
-4.7,37.2726140022
-3.78,37.3480529785
-4.88,37.4252238274
-6.91,37.5007088184
-6.63,37.5764009953
-5.14,37.6545917988
-5.36,37.7304267883
-5.72,37.8054709435
-7.02,37.8940529823
-7.69,37.9764978886
-6.94,38.0528569221
-6.31,38.1283929348
-6.19,38.2044889927
-7.69,38.2827777863
-6.19,38.3582239151
-6.06,38.4354159832
-6.0,38.5107448101
-6.19,38.5883460045
-5.94,38.6639909744
-5.81,38.7398808002
-6.0,38.8235938549
-5.94,38.9067938328
-5.81,38.9927299023
-5.75,39.0681068897
-5.75,39.1493999958
-5.88,39.2255499363
-5.69,39.3019139767
-5.69,39.3777699471
-7.13,39.4551417828
-7.0,39.5395829678
-5.63,39.6149628162
-5.63,39.6894178391
-5.63,39.7662329674
-7.06,39.8477327824
-5.56,39.9262158871
-5.56,40.0054008961
-5.56,40.0796809196
-6.63,40.1572639942
-6.63,40.2309939861
-5.21,40.3047909737
-5.21,40.3793900013
-5.21,40.4532289505
-5.21,40.5273828506
-5.21,40.6029059887
-5.21,40.689262867
-5.21,40.7654109001
-6.57,40.8400118351
-5.21,40.9152917862
-5.15,40.989841938
-5.21,41.0636270046
-5.15,41.1394758224
-5.15,41.2154560089
-5.21,41.28926301
-5.15,41.3635678291
